1001 1602 88 15
1007 487 101 16
1015 1431 94 18
1066 407 76 18
1067 999 126 20
1085 796 116 17
1089 1338 118 16
1095 542 77 17
1096 1214 93 18
1115 488 82 16
1132 356 71 15
1135 1602 144 15
1146 656 200 120
1154 689 123 18
1170 1389 149 20
1174 1431 101 18
1189 408 156 18
1204 797 75 17
1208 664 81 18
1218 542 87 18
1228 1000 68 16
1273 946 98 17
1307 797 92 18
1314 1419 326 101
1330 1338 65 15
1343 1601 101 17
1348 657 109 120
1406 798 88 17
1457 1430 93 18
1457 658 208 120
1488 668 113 18
1493 798 63 18
1564 435 400 85
1608 668 47 18
1646 1603 86 16
1654 1431 125 18
1701 448 112 17
1851 1435 157 18
1856 359 146 16
1896 667 164 18
1975 1033 151 34
1975 1068 151 37
1975 1106 151 40
1975 1147 150 52
1975 925 151 63
1975 988 151 44
2025 450 59 17
2066 668 85 18
2087 450 67 18
2106 1256 61 18
2186 957 57 17
825 997 82 16
829 430 734 89
895 1431 74 17
913 1601 81 16
915 486 86 16
916 794 87 18
947 654 198 121
958 686 160 19
960 833 137 16
969 613 95 19
969 877 100 16
970 661 146 19
972 1215 78 17
989 998 73 19
